100
4 3 12
3 2 1
1 5 2
8 1 1
3 2 30
1 2 27
3 2 1
4 1 11
2 1 2
4 1 5
8 2 2
5 10 5000
14 27 31
27 11 44
30 8 20
2000 4000 3
16 793 4941
305 549 366
610 305 305
1220 610 183
1769 427 122
1891 732 61
2013 305 183
1830 671 61
549 122 244
2379 671 61
3111 244 122
3294 488 61
3416 671 183
3599 671 488
1830 610 427
3599 610 61
5 240 3120
54 216 567
1002 27 156
990 975 786
2973 75 147
11 54 1782
45 27 108
105 741 21
870 21 24
522 42 162
1014 264 15
1398 12 93
1494 36 39
117 42 6
1554 15 18
69 66 39
15 13 670
1 14 21
74 12 1
80 4 6
59 16 14
102 121 2
89 16 42
161 104 1
63 11 112
483 11 4
149 6 2
498 4 77
307 85 11
172 40 1
694 6 9
7 15 239
7 10 69
90 7 81
28 12 3
181 5 4
173 15 3
121 14 6
6 23 1705
21 15 45
56 297 7
343 26 5
378 18 8
386 6 8
9 37 744
23 30 260
529 35 2
542 12 1
552 13 4
572 13 13
301 32 6
312 26 5
509 57 7
14 20 776
89 3 2
25 23 12
108 13 2
112 11 155
275 5 7
21 5 2
271 29 25
392 19 9
157 28 1
410 20 120
524 79 1
49 5 44
492 149 12
7 418 1444
228 380 38
456 152 114
152 418 190
456 380 228
1140 418 38
1330 76 114
10 22 130
1 23 4
2 8 6
13 11 11
36 14 2
38 16 9
39 11 16
69 22 16
89 2 18
107 21 4
5 54 1625
48 49 38
99 37 24
144 52 112
681 19 10
13 21 854
15 9 15
33 15 1
46 21 18
356 20 11
295 7 1
218 21 3
115 23 4
54 11 6
413 11 138
530 202 4
744 14 64
668 60 6
7 589 2147
171 513 133
399 133 114
931 532 171
1349 133 38
1121 703 19
1520 323 304
7 15 1999
10 10 1
4 7 1
4 1 5
8 15 1
24 14 113
374 4 4
2 157 3233
864 4 20
4 81 3193
35 47 1
36 46 37
39 54 50
15 7 842
6 4 1
6 1 2
9 6 145
238 4 2
177 8 1
131 8 108
584 5 1
589 2 14
606 6 1
358 2 7
618 2 113
214 103 2
834 4 3
840 5 2
2 138 3355
36 123 8
7 80 2495
625 15 15
565 510 50
695 90 565
2015 20 260
1170 100 55
2425 10 70
10 26 940
8 26 37
366 7 5
256 45 119
499 247 12
579 39 1
775 12 50
869 17 32
934 12 1
848 11 4
5 83 289
73 75 34
27 16 1
112 42 10
132 69 49
8 30 634
18 20 161
312 10 9
210 10 3
333 5 42
265 95 2
317 31 61
169 35 23
6 40 780
2 40 1
1 3 249
293 26 136
395 74 56
296 224 36
3 120 1121
698 2 16
370 343 39
11 301 2695
119 280 112
203 119 539
1225 63 812
2471 112 112
1183 553 56
2905 231 70
1323 245 637
2373 1064 7
1960 35 203
4102 525 84
11 37 845
10 37 4
25 36 1
6 24 4
34 15 2
21 5 7
50 37 2
55 5 52
263 11 23
296 19 192
464 367 14
13 144 4200
112 104 48
184 88 64
180 52 16
416 128 444
760 424 36
584 312 24
1444 108 72
1568 104 140
1724 1964 28
3724 64 52
372 372 52
3184 120 56
13 12 388
13 3 4
13 8 1
15 4 7
22 45 62
132 3 1
18 9 3
140 7 2
70 12 125
323 9 2
359 9 7
370 11 6
185 13 8
3 10 2638
8 3 6
14 3 10
7 47 1159
18 36 3
194 4 78
126 50 21
42 11 617
983 47 3
885 65 17
6 59 606
19 47 52
155 24 218
335 87 17
448 56 29
76 34 46
10 43 720
100 4 2
107 20 7
74 52 1
131 38 24
126 12 73
193 438 5
297 8 25
671 32 19
214 62 10
8 138 546
114 48 36
84 150 42
288 60 78
102 66 6
234 144 24
186 42 12
504 132 42
10 31 878
2 32 160
151 108 1
80 15 10
237 22 11
133 33 38
320 72 73
107 31 4
261 34 259
358 128 8
15 11 480
5 12 121
156 3 1
38 7 20
235 11 3
239 4 1
241 8 7
213 12 3
259 5 4
263 8 70
431 7 1
363 8 4
422 10 1
445 7 5
104 10 7
13 19 614
69 2 37
96 54 21
57 34 45
294 11 43
263 34 11
130 13 2
150 2 57
522 13 3
247 7 28
564 2 18
186 11 8
136 22 16
16 12 3924
78 2 66
24 22 1
159 12 14
188 7 3
94 46 4
126 4 41
321 3 97
489 10 47
184 8 2
267 24 4
269 1 5
301 12 4
575 10 8
584 5 57
695 10 11
5 56 762
23 35 29
36 392 295
723 4 12
744 34 6
6 9 657
216 2 7
223 4 171
634 8 2
556 1 2
208 5 3
10 28 806
73 3 1
9 5 24
158 16 9
25 13 43
318 28 14
338 21 172
547 18 61
405 19 129
472 82 6
16 4 454
183 3 25
211 2 4
229 3 45
274 3 8
69 7 2
231 5 2
178 4 10
264 39 1
344 4 12
362 4 1
364 2 103
476 2 20
538 3 1
456 1 14
616 2 2
15 8 518
6 3 36
20 19 2
45 6 47
104 22 1
79 8 7
102 2 1
136 5 16
135 11 2
140 4 243
421 5 28
221 10 6
178 7 1
459 8 4
465 2 8
5 65 1690
1 65 1
2 16 126
109 159 11
71 53 1
9 32 2068
26 12 1
9 32 50
70 148 2
244 17 16
264 17 15
207 60 3
330 29 205
609 26 16
16 9 284
3 10 2
5 5 1
6 3 54
58 19 17
26 20 2
99 4 18
155 9 64
230 6 60
288 99 3
76 3 2
48 5 1
441 6 32
484 3 4
174 4 1
97 9 7
14 23 1144
20 7 7
40 8 8
27 24 8
300 17 37
351 16 2
355 15 85
428 157 1
586 21 14
352 17 102
669 16 38
136 102 65
225 171 31
1131 19 13
9 7 727
74 4 1
14 14 24
76 30 1
140 6 2
42 5 145
467 5 2
469 3 181
725 4 2
3 65 114
30 54 11
59 18 44
5 98 983
311 5 2
239 59 318
380 275 7
950 10 28
7 20 1663
5 20 4
21 13 1
14 9 698
1053 6 11
589 17 3
716 21 13
15 11 77
8 10 4
5 11 1
9 12 2
23 7 2
20 5 4
12 11 5
39 4 1
41 8 2
27 1 3
47 4 5
53 11 2
55 5 1
52 1 4
37 6 11
15 12 928
10 5 64
169 12 1
108 9 3
177 6 4
17 12 80
325 4 5
412 6 224
176 38 3
673 10 3
215 6 2
680 11 137
900 10 1
364 5 3
778 18 6
7 34 932
24 31 4
12 27 1
19 11 8
50 9 5
25 38 235
273 640 19
4 38 281
36 9 1
66 19 126
173 68 19
12 8 514
20 4 4
17 10 2
9 4 15
92 5 98
34 14 54
74 30 2
288 6 1
290 8 33
319 126 2
450 8 60
513 3 1
16 29 314
26 26 7
11 31 4
52 22 9
79 26 14
78 29 16
129 20 10
114 38 7
163 16 22
189 21 26
61 22 5
224 4 2
232 27 9
115 35 5
267 28 18
124 17 2
6 24 144
7 23 1
7 23 9
13 10 1
35 5 19
65 12 12
5 75 1066
42 34 178
685 21 196
957 3 3
269 62 53
12 28 561
13 26 7
24 21 3
16 5 62
103 11 1
51 33 11
60 50 6
143 24 85
467 16 22
108 59 18
53 27 1
451 13 19
14 56 1984
54 48 18
50 18 22
124 54 16
160 34 6
78 66 38
700 6 10
754 22 46
804 28 22
844 26 28
888 48 536
1814 6 110
156 48 16
1960 8 24
15 12 84
7 10 10
17 9 2
8 20 1
30 9 1
34 9 5
27 16 2
48 3 2
41 9 4
57 6 1
8 5 1
64 3 1
55 11 6
45 15 1
51 2 5
8 34 739
36 5 7
29 21 42
161 33 19
90 8 14
177 530 1
708 32 7
279 19 23
16 8 942
6 9 2
13 2 3
2 2 47
58 79 2
48 8 2
145 5 2
80 6 389
574 6 1
585 3 102
774 7 4
779 2 14
377 137 2
657 8 4
678 2 6
940 8 2
10 37 2735
35 24 14
24 21 57
192 22 2
197 24 135
455 17 2
457 10 15
215 22 77
561 25 105
400 237 23
5 61 4479
140 2 11
82 23 103
215 343 18
49 33 21
4 58 125
7 52 7
32 24 20
9 57 29
9 22 92
5 20 5
11 5 7
2 22 2
24 17 2
43 16 3
54 12 1
40 32 3
29 25 21
2 37 3297
34 10 22
7 28 3487
6 25 3
19 8 25
245 27 40
91 26 45
377 12 33
149 25 23
6 47 126
45 15 2
52 17 9
68 40 12
59 33 12
109 3 2
12 12 65
6 7 1
2 11 3
5 12 2
16 12 5
8 5 1
35 12 1
36 7 2
38 7 2
38 3 4
12 12 2
26 5 7
15 120 4260
10 130 20
40 50 40
40 80 20
200 40 20
100 150 560
1960 40 110
2170 90 160
2640 60 20
1130 90 20
3460 40 20
3480 50 220
3790 20 160
3190 240 20
2170 100 90
9 7 2674
33 1 39
126 3 16
140 71 98
116 7 166
584 4 1
585 7 102
492 19 1
702 3 3
8 67 1134
242 5 92
272 365 44
688 27 23
518 71 63
311 146 24
978 58 27
1029 55 17
6 12 769
247 2 2
185 8 426
87 83 2
753 10 8
761 12 8
15 10 424
7 10 109
50 10 1
49 11 6
133 7 1
14 11 1
61 4 1
141 8 119
341 3 2
343 10 41
540 3 1
278 3 17
591 9 6
322 4 2
90 10 3
5 10 34
8 4 2
1 11 1
17 8 3
12 5 8
15 24 175
2 23 21
25 17 8
42 2 4
39 26 4
72 14 1
49 25 12
35 18 1
108 24 2
118 20 19
25 23 4
102 7 19
165 19 2
72 16 2
170 9 5
3 560 4270
515 95 1005
1220 3005 45
8 66 1544
10 66 132
95 108 35
207 107 12
326 11 25
210 27 7
77 14 765
1215 8 25
13 4 32
3 5 1
5 2 2
3 4 3
10 3 2
12 2 2
14 2 1
8 3 1
16 3 2
21 3 1
16 3 2
24 2 3
12 3 4
13 19 730
13 19 2
15 3 4
21 6 75
174 11 6
211 18 50
127 11 8
84 22 3
111 31 6
159 9 32
330 251 4
106 20 70
363 70 17
12 18 112
1 18 6
8 13 11
25 12 1
18 10 10
20 24 4
36 12 8
50 7 6
16 16 8
74 9 2
24 19 11
94 15 7
11 7 1076
294 5 66
365 7 2
367 6 1
369 3 40
404 130 6
164 1 1
541 3 252
517 272 5
1067 2 1
1069 2 4
10 96 3228
72 92 36
20 16 40
328 64 16
408 40 1668
2240 20 60
2224 96 368
2824 8 76
1516 336 16
2856 92 4
2 36 3697
76 4 36
15 17 1132
1 17 4
4 8 239
98 75 1
328 13 82
595 10 11
114 68 8
332 5 33
763 5 12
771 21 1
209 15 47
836 257 5
530 19 1
665 25 8
301 23 3
3 7 4
3 5 1
5 3 1
11 10 61
8 11 2
1 9 1
11 10 3
14 10 1
16 4 4
25 6 8
24 9 1
15 5 1
40 2 2
45 10 7
5 63 274
16 60 49
22 52 14
103 54 1
108 2 20
15 13 512
75 2 26
79 14 110
257 6 3
310 6 7
212 7 1
239 8 18
337 10 2
340 2 12
100 20 24
320 51 1
269 2 10
433 8 8
453 8 3
456 11 12
16 140 4648
116 32 140
304 28 8
192 132 4
332 104 24
200 92 308
640 336 16
1012 128 184
1084 884 88
1356 12 216
2160 452 180
588 52 348
3584 84 8
1420 128 40
3640 64 568
1512 520 16
2 294 3366
948 15 183
9 88 2288
540 12 4
308 80 12
560 56 4
288 56 384
1196 24 12
1208 32 4
1184 108 236
1764 80 72
11 64 1730
10 62 16
8 20 524
628 10 24
634 52 184
882 26 18
904 58 164
1050 146 178
1416 58 2
1026 14 2
272 14 64
11 21 641
10 19 1
11 14 83
90 56 23
319 17 6
59 23 2
152 20 17
352 431 5
203 22 59
959 9 53
77 18 13
